cat        iBin  nIter  (sMin         sHat +-     Err     sMax)    nll_(s=sHat)  nll_(s=0)   delta  sqrt(2*delta)
-----------------------------------------------------------------------------------------------------------------
  0b_ge4j     0      2  -4.6e+02  -9.4e+00 +- 1.4e+01  4.6e+02          103.19     103.40     0.21   -0.65
  0b_ge4j     1      3  -3.1e+02   7.1e+01 +- 3.9e+01  3.1e+02          101.82     103.40     1.58    1.78
  0b_ge4j     2      2  -1.0e+02   5.1e+00 +- 4.3e+01  1.0e+02          103.39     103.40     0.01    0.11
  0b_ge4j     3      3  -2.2e+02  -2.5e+00 +- 2.7e+01  2.2e+02          103.39     103.40     0.01   -0.10
  0b_ge4j     4      3  -1.1e+02   1.5e+01 +- 1.8e+01  1.1e+02          103.07     103.40     0.33    0.81
  0b_ge4j     5      3  -5.8e+01   2.4e+01 +- 1.4e+01  5.8e+01          102.06     103.40     1.34    1.64
  0b_ge4j     6      3  -3.4e+01  -6.6e+00 +- 7.7e+00  3.4e+01          103.04     103.40     0.36   -0.85
  0b_ge4j     7      3  -2.1e+01  -1.7e+00 +- 4.2e+00  2.1e+01          103.32     103.40     0.08   -0.40
  0b_ge4j     8      3  -1.4e+01   2.0e+00 +- 3.3e+00  1.4e+01          103.20     103.40     0.19    0.62
  0b_ge4j     9      3  -9.5e+00   6.3e-01 +- 2.2e+00  9.5e+00          103.35     103.40     0.04    0.29
  0b_ge4j    10      4  -3.3e+01   3.1e+00 +- 2.5e+00  3.3e+01          102.38     103.40     1.01    1.42
0b_ge4j: chi2=10.3465, nDof=11, prob=0.499512
  0b_le3j     0      3  -7.1e+03   6.8e+02 +- 3.8e+02  7.1e+03          129.40     130.88     1.49    1.73
  0b_le3j     1      3  -1.6e+03  -2.0e+02 +- 2.6e+02  1.6e+03          130.57     130.88     0.31   -0.79
  0b_le3j     2      3  -5.3e+02   2.3e+01 +- 1.6e+02  5.3e+02          130.87     130.88     0.01    0.14
  0b_le3j     3      4  -6.6e+02  -8.9e+01 +- 9.2e+01  2.2e+02          130.42     130.88     0.46   -0.96
  0b_le3j     4      3  -1.1e+02   2.4e+01 +- 3.1e+01  1.1e+02          130.60     130.88     0.29    0.76
  0b_le3j     5      4  -1.7e+02  -2.5e+01 +- 2.2e+01  5.7e+01          130.22     130.88     0.67   -1.15
  0b_le3j     6      3  -3.4e+01   1.0e+01 +- 9.8e+00  3.4e+01          130.33     130.88     0.55    1.05
  0b_le3j     7      3  -2.1e+01   2.5e+00 +- 6.2e+00  2.1e+01          130.80     130.88     0.08    0.41
  0b_le3j     8      3  -1.4e+01  -4.6e-01 +- 3.6e+00  1.4e+01          130.88     130.89     0.01   -0.13
  0b_le3j     9      4  -4.7e+01   4.1e+00 +- 3.2e+00  4.7e+01          129.82     130.88     1.07    1.46
  0b_le3j    10      3  -6.7e+00  -2.7e+00 +- 1.7e+00  6.7e+00          130.02     130.88     0.86   -1.31
0b_le3j: chi2=11.5868, nDof=11, prob=0.395487
  1b_ge4j     0      2  -4.6e+02  -1.2e+00 +- 7.1e+00  4.6e+02           87.68      87.69     0.01   -0.17
  1b_ge4j     1      2  -1.0e+02  -2.1e+01 +- 1.9e+01  1.0e+02           87.12      87.69     0.57   -1.07
  1b_ge4j     2      2  -1.0e+02   2.1e+00 +- 2.5e+01  1.0e+02           87.69      87.69     0.00    0.07
  1b_ge4j     3      2  -4.4e+01   4.3e+00 +- 1.7e+01  4.4e+01           87.66      87.69     0.03    0.25
  1b_ge4j     4      3  -1.1e+02   5.1e+00 +- 1.1e+01  1.1e+02           87.58      87.69     0.12    0.48
  1b_ge4j     5      3  -5.8e+01   5.3e+00 +- 6.8e+00  5.8e+01           87.38      87.69     0.32    0.80
  1b_ge4j     6      3  -2.0e+01  -3.7e+00 +- 3.1e+00  6.8e+00           87.10      87.69     0.59   -1.09
  1b_ge4j     7      3  -2.1e+01   4.8e+00 +- 3.3e+00  2.1e+01           86.38      87.69     1.32    1.62
  1b_ge4j     8      3  -1.4e+01   2.0e+00 +- 2.1e+00  1.4e+01           87.10      87.69     0.60    1.09
  1b_ge4j     9      3  -9.5e+00   1.6e-01 +- 1.1e+00  9.5e+00           87.68      87.69     0.01    0.16
  1b_ge4j    10      3  -6.7e+00   1.2e-01 +- 1.1e+00  6.7e+00           87.69      87.69     0.01    0.12
1b_ge4j: chi2=7.16532, nDof=11, prob=0.785542
  1b_le3j     0      2  -4.7e+02   6.5e+01 +- 7.0e+01  4.7e+02           88.41      88.82     0.41    0.90
  1b_le3j     1      2  -3.3e+02  -2.0e+01 +- 5.2e+01  3.3e+02           88.74      88.82     0.08   -0.39
  1b_le3j     2      2  -1.1e+02   1.7e+00 +- 3.8e+01  1.1e+02           88.82      88.82     0.00    0.04
  1b_le3j     3      3  -1.3e+02  -3.3e+01 +- 2.7e+01  4.4e+01           88.10      88.82     0.72   -1.20
  1b_le3j     4      3  -6.4e+01  -7.8e-01 +- 1.1e+01  2.1e+01           88.81      88.82     0.00   -0.07
  1b_le3j     5      3  -5.7e+01   6.8e+00 +- 6.2e+00  5.7e+01           88.16      88.82     0.66    1.15
  1b_le3j     6      3  -2.0e+01  -3.3e+00 +- 2.8e+00  6.8e+00           88.26      88.82     0.56   -1.06
  1b_le3j     7      3  -2.1e+01   1.2e+00 +- 2.1e+00  2.1e+01           88.62      88.82     0.20    0.63
  1b_le3j     8      3  -8.3e+00  -1.6e+00 +- 1.3e+00  2.8e+00           88.30      88.82     0.52   -1.02
  1b_le3j     9      2  -1.9e+00   8.0e-14 +- 3.2e-01  1.9e+00           88.56      88.82     0.25    0.71
  1b_le3j    10      3  -6.7e+00   8.1e-01 +- 1.0e+00  6.7e+00           88.07      88.82     0.75    1.22
1b_le3j: chi2=8.27704, nDof=11, prob=0.688293
  2b_ge4j     0      2  -4.6e+02   3.7e+00 +- 4.1e+00  4.6e+02           43.35      43.83     0.48    0.98
  2b_ge4j     1      2  -1.0e+02   4.3e+00 +- 1.0e+01  1.0e+02           43.74      43.83     0.09    0.42
  2b_ge4j     2      2  -1.0e+02  -4.6e+00 +- 1.4e+01  1.0e+02           43.78      43.83     0.05   -0.33
  2b_ge4j     3      2  -4.4e+01  -3.4e+00 +- 1.0e+01  4.4e+01           43.78      43.83     0.05   -0.32
  2b_ge4j     4      3  -1.1e+02   8.8e+00 +- 7.3e+00  1.1e+02           43.04      43.83     0.79    1.25
  2b_ge4j     5      3  -5.8e+01   3.5e+00 +- 4.2e+00  5.8e+01           43.46      43.83     0.37    0.86
  2b_ge4j     6      2  -6.8e+00   1.3e+00 +- 2.3e+00  6.8e+00           43.66      43.83     0.17    0.59
  2b_ge4j     7      2  -4.2e+00   3.4e-02 +- 1.0e+00  4.2e+00           43.83      43.83     0.00    0.04
  2b_ge4j     8      2  -2.8e+00   3.1e-01 +- 9.9e-01  2.8e+00           43.77      43.83     0.06    0.34
2b_ge4j: chi2=4.12121, nDof=9, prob=0.903255
  2b_le3j     0      2  -4.7e+02  -1.5e+01 +- 1.5e+01  4.7e+02           40.21      40.70     0.49   -0.99
  2b_le3j     1      2  -3.3e+02  -1.7e+00 +- 1.3e+01  3.3e+02           40.70      40.70     0.01   -0.13
  2b_le3j     2      2  -1.1e+02   2.3e+00 +- 1.2e+01  1.1e+02           40.69      40.70     0.02    0.19
  2b_le3j     3      2  -4.4e+01  -7.5e+00 +- 9.0e+00  4.4e+01           40.37      40.70     0.33   -0.81
  2b_le3j     4      2  -2.1e+01   4.0e+00 +- 4.1e+00  2.1e+01           40.17      40.70     0.54    1.04
  2b_le3j     5      3   0.0e+00   6.2e+00 +- 3.0e+00  5.7e+01           36.87      40.70     3.83    2.77
  2b_le3j     6      3  -1.1e+01  -7.1e-01 +- 3.8e-04  1.1e+01           40.00      40.70     0.71   -1.19
  2b_le3j     7      2  -4.2e+00  -2.0e-01 +- 2.7e-04  4.2e+00           40.50      40.70     0.20   -0.64
  2b_le3j     8      2  -2.8e+00  -6.6e-02 +- 4.3e-04  2.8e+00           40.64      40.70     0.07   -0.36
2b_le3j: chi2=12.3913, nDof=9, prob=0.192137
  3b_ge4j     0      4  -1.1e+04  -1.1e+00 +- 3.6e+03  1.1e+04           24.36      25.42     1.06   -1.46
  3b_ge4j     1      2  -1.0e+02  -1.2e+00 +- 2.8e+00  1.0e+02           25.34      25.42     0.08   -0.41
  3b_ge4j     2      2  -3.5e+01  -6.1e+00 +- 2.8e+00  3.5e+01           23.67      25.42     1.76   -1.87
  3b_ge4j     3      2  -1.5e+01  -2.6e+00 +- 2.5e+00  1.5e+01           24.98      25.42     0.44   -0.94
  3b_ge4j     4      2  -7.1e+00   2.1e+00 +- 2.5e+00  7.1e+00           24.99      25.42     0.43    0.93
  3b_ge4j     5      2  -1.2e+01  -1.2e-01 +- 1.0e+00  1.2e+01           25.42      25.42     0.01   -0.11
  3b_ge4j     6      2  -6.8e+00   5.8e-01 +- 1.0e+00  6.8e+00           25.15      25.42     0.28    0.74
  3b_ge4j     7      3  -2.1e+01  -9.4e-02 +- 1.6e-03  2.1e+01           25.33      25.42     0.09   -0.43
  3b_ge4j     8      2  -2.8e+00   3.1e-13 +- 4.2e-01  2.8e+00           25.42      25.42     0.00    0.00
3b_ge4j: chi2=8.29601, nDof=9, prob=0.504613
  3b_le3j     0      2  -4.7e+02   2.3e-01 +- 2.0e+00  4.7e+02           11.61      11.62     0.01    0.11
  3b_le3j     1      2  -1.1e+02  -1.3e+00 +- 1.8e+00  1.1e+02           11.40      11.62     0.22   -0.66
  3b_le3j     2      2  -3.5e+01  -4.4e+00 +- 1.7e+00  3.5e+01            9.73      11.62     1.89   -1.94
  3b_le3j     3      2  -1.5e+01  -4.0e-01 +- 1.5e+00  1.5e+01           11.59      11.62     0.03   -0.25
  3b_le3j     4      2  -7.1e+00  -3.7e-01 +- 9.5e-05  7.1e+00           11.24      11.62     0.37   -0.86
  3b_le3j     5      3  -1.9e+01   0.0e+00 +- 3.1e-01  1.9e+01           11.46      11.62     0.16    0.56
  3b_le3j     6      4  -5.6e+01  -5.9e-02 +- 5.8e-04  5.6e+01           11.56      11.62     0.06   -0.34
  3b_le3j     7      2  -4.2e+00   4.7e-05 +- 4.8e-04  4.2e+00           11.62      11.62     0.00    0.00
  3b_le3j     8      2  -2.8e+00   3.4e-05 +- 5.4e-05  2.8e+00           11.62      11.62     0.00    0.00
3b_le3j: chi2=5.45741, nDof=9, prob=0.792753
ge4b_ge4j     0      2  -4.6e+02   2.5e-05 +- 4.0e-05  4.6e+02            3.85       3.85     0.00    0.00
ge4b_ge4j     1      3  -5.1e+02  -1.4e-01 +- 1.4e-03  5.1e+02            3.70       3.85     0.15   -0.54
ge4b_ge4j     2      2  -3.5e+01  -4.4e-01 +- 3.8e-05  3.5e+01            3.40       3.85     0.44   -0.94
ge4b_ge4j     3      2  -1.5e+01   1.7e+00 +- 1.4e+00  1.5e+01            2.15       3.85     1.69    1.84
ge4b_ge4j: chi2=4.5618, nDof=4, prob=0.335282
